4 0 0 3 14 0 10 0 9 13 16 0 0 7 0 2
0 7 0 13 5 3 11 1 0 4 0 0 0 0 0 0
16 1 0 0 3 0 0 12 13 0 14 2 0 0 11 9
0 0 11 15 0 4 0 0 2 3 0 0 0 5 9 0
14 15 0 12 0 0 9 0 16 11 1 6 3 2 0 0
0 8 0 5 0 1 4 3 0 6 7 0 0 12 14 0
0 0 0 7 0 0 0 5 12 8 13 11 15 10 2 4
1 0 0 9 0 6 0 0 0 0 10 3 11 15 0 0
0 0 6 11 12 14 0 0 0 0 2 0 4 0 0 13
3 9 5 1 8 2 13 11 15 0 0 0 14 0 0 0
0 4 16 0 0 13 3 0 10 2 9 0 7 0 15 0
0 0 8 2 15 10 1 16 0 7 0 0 9 0 6 11
0 5 4 0 0 0 2 13 0 0 12 0 10 14 0 0
15 10 0 0 2 9 0 8 6 0 0 14 0 0 4 7
0 0 0 0 0 0 12 0 1 15 11 4 2 0 5 0
13 0 1 0 0 11 16 10 0 14 0 7 8 0 0 5
